Android-trtc:12.4.0.17375
Mac:12.4.0.17859
iOS-trtc:12.4.0.17861
Win:12.4.0.7138
Win:12.4.0.16167
OHOS-trtc:12.4.0.7138
Win:12.4.0.7138
Unity SDK:12.4.0.17861_274
