Android-trtc:12.8.0.19279
OHOS-trtc:12.8.0.7734
Mac:12.8.0.19666
Win:12.8.0.16972
iOS-trtc:12.8.0.19666
Unity SDK:12.8.0.19666_359
